# CREATURE:DWARF

[CASTE:MALE]
BODY_MODS:
  BASE_SIZE_CM3: 60000
  HEIGHT_%: [80,120]
  BROADNESS_%: [80,120]

PHYS_ATT_RANGE:
  STRENGTH:        [450,950,1150,1250,1350,1550,2250]
  AGILITY:         [150,600,800,900,1000,1100,1500]
  TOUGHNESS:       [450,950,1150,1250,1350,1550,2250]
  ENDURANCE:       [200,700,900,1000,1100,1300,2000]
  RECUPERATION:    [200,700,900,1000,1100,1300,2000]
  DISEASE_RESISTANCE:[200,700,900,1000,1100,1300,2000]

MENT_ATT_RANGE:
  FOCUS:             [700,1200,1400,1500,1600,1800,2500]
  SPATIAL_SENSE:     [700,1200,1400,1500,1600,1800,2500]
  ANALYTICAL_ABILITY:[450,950,1150,1250,1350,1550,2250]
  CREATIVITY:        [450,950,1150,1250,1350,1550,2250]
  PATIENCE:          [450,950,1150,1250,1350,1550,2250]
  MEMORY:            [450,950,1150,1250,1350,1550,2250]
  INTUITION:         [200,800,900,1000,1100,1300,2000]
  WILLPOWER:         [200,800,900,1000,1100,1300,2000]
  KINESTHETIC_SENSE: [200,800,900,1000,1100,1300,2000]
  LINGUISTIC_ABILITY:[200,800,900,1000,1100,1300,2000]
  MUSICALITY:        [200,800,900,1000,1100,1300,2000]
  EMPATHY:           [200,800,900,1000,1100,1300,2000]
  SOCIAL_AWARENESS:  [200,800,900,1000,1100,1300,2000]

[CASTE:FEMALE]
BODY_MODS:
  BASE_SIZE_CM3: 60000
  HEIGHT_%: [80,120]
  BROADNESS_%: [80,120]

PHYS_ATT_RANGE:
  STRENGTH:        [450,950,1150,1250,1350,1550,2250]
  AGILITY:         [150,600,800,900,1000,1100,1500]
  TOUGHNESS:       [450,950,1150,1250,1350,1550,2250]
  ENDURANCE:       [200,700,900,1000,1100,1300,2000]
  RECUPERATION:    [200,700,900,1000,1100,1300,2000]
  DISEASE_RESISTANCE:[200,700,900,1000,1100,1300,2000]

MENT_ATT_RANGE:
  FOCUS:             [700,1200,1400,1500,1600,1800,2500]
  SPATIAL_SENSE:     [700,1200,1400,1500,1600,1800,2500]
  ANALYTICAL_ABILITY:[450,950,1150,1250,1350,1550,2250]
  CREATIVITY:        [450,950,1150,1250,1350,1550,2250]
  PATIENCE:          [450,950,1150,1250,1350,1550,2250]
  MEMORY:            [450,950,1150,1250,1350,1550,2250]
  INTUITION:         [200,800,900,1000,1100,1300,2000]
  WILLPOWER:         [200,800,900,1000,1100,1300,2000]
  KINESTHETIC_SENSE: [200,800,900,1000,1100,1300,2000]
  LINGUISTIC_ABILITY:[200,800,900,1000,1100,1300,2000]
  MUSICALITY:        [200,800,900,1000,1100,1300,2000]
  EMPATHY:           [200,800,900,1000,1100,1300,2000]
  SOCIAL_AWARENESS:  [200,800,900,1000,1100,1300,2000]
