# CREATURE:ELF

[CASTE:MALE]
BODY_MODS:
  BASE_SIZE_CM3: 65000
  HEIGHT_%: [90,130]
  BROADNESS_%: [70,110]

PHYS_ATT_RANGE:
  STRENGTH:        [150,600,800,900,1000,1100,1500]
  AGILITY:         [450,950,1150,1250,1350,1550,2250]
  TOUGHNESS:       [150,600,800,900,1000,1100,1500]
  ENDURANCE:       [150,600,800,900,1000,1100,1500]
  RECUPERATION:    [200,700,900,1000,1100,1300,2000]
  DISEASE_RESISTANCE:[200,700,900,1000,1100,1300,2000]

MENT_ATT_RANGE:
  FOCUS:             [200,700,900,1000,1100,1300,2000]
  SPATIAL_SENSE:     [450,950,1150,1250,1350,1550,2250]
  ANALYTICAL_ABILITY:[200,700,900,1000,1100,1300,2000]
  CREATIVITY:        [450,950,1150,1250,1350,1550,2250]
  PATIENCE:          [200,700,900,1000,1100,1300,2000]
  MEMORY:            [200,700,900,1000,1100,1300,2000]
  INTUITION:         [200,700,900,1000,1100,1300,2000]
  WILLPOWER:         [200,700,900,1000,1100,1300,2000]
  KINESTHETIC_SENSE: [450,950,1150,1250,1350,1550,2250]
  LINGUISTIC_ABILITY:[200,700,900,1000,1100,1300,2000]
  MUSICALITY:        [200,700,900,1000,1100,1300,2000]
  EMPATHY:           [200,700,900,1000,1100,1300,2000]
  SOCIAL_AWARENESS:  [200,700,900,1000,1100,1300,2000]

[CASTE:FEMALE]
BODY_MODS:
  BASE_SIZE_CM3: 65000
  HEIGHT_%: [90,130]
  BROADNESS_%: [70,110]

PHYS_ATT_RANGE:
  STRENGTH:        [150,600,800,900,1000,1100,1500]
  AGILITY:         [450,950,1150,1250,1350,1550,2250]
  TOUGHNESS:       [150,600,800,900,1000,1100,1500]
  ENDURANCE:       [150,600,800,900,1000,1100,1500]
  RECUPERATION:    [200,700,900,1000,1100,1300,2000]
  DISEASE_RESISTANCE:[200,700,900,1000,1100,1300,2000]

MENT_ATT_RANGE:
  FOCUS:             [200,700,900,1000,1100,1300,2000]
  SPATIAL_SENSE:     [450,950,1150,1250,1350,1550,2250]
  ANALYTICAL_ABILITY:[200,700,900,1000,1100,1300,2000]
  CREATIVITY:        [450,950,1150,1250,1350,1550,2250]
  PATIENCE:          [200,700,900,1000,1100,1300,2000]
  MEMORY:            [200,700,900,1000,1100,1300,2000]
  INTUITION:         [200,700,900,1000,1100,1300,2000]
  WILLPOWER:         [200,700,900,1000,1100,1300,2000]
  KINESTHETIC_SENSE: [450,950,1150,1250,1350,1550,2250]
  LINGUISTIC_ABILITY:[200,700,900,1000,1100,1300,2000]
  MUSICALITY:        [200,700,900,1000,1100,1300,2000]
  EMPATHY:           [200,700,900,1000,1100,1300,2000]
  SOCIAL_AWARENESS:  [200,700,900,1000,1100,1300,2000]
