# CREATURE:HUMAN

[CASTE:MALE]
BODY_MODS:
  BASE_SIZE_CM3: 70000
  HEIGHT_%: [75,125]
  BROADNESS_%: [75,125]

PHYS_ATT_RANGE:
  STRENGTH:        [200,700,900,1000,1100,1300,2000]
  AGILITY:         [200,700,900,1000,1100,1300,2000]
  TOUGHNESS:       [200,700,900,1000,1100,1300,2000]
  ENDURANCE:       [200,700,900,1000,1100,1300,2000]
  RECUPERATION:    [200,700,900,1000,1100,1300,2000]
  DISEASE_RESISTANCE:[200,700,900,1000,1100,1300,2000]

MENT_ATT_RANGE:
  ANALYTICAL_ABILITY:[200,700,900,1000,1100,1300,2000]
  FOCUS:             [200,700,900,1000,1100,1300,2000]
  WILLPOWER:         [200,700,900,1000,1100,1300,2000]
  MEMORY:            [200,700,900,1000,1100,1300,2000]
  INTUITION:         [200,700,900,1000,1100,1300,2000]
  LINGUISTIC_ABILITY:[200,700,900,1000,1100,1300,2000]
  SPATIAL_SENSE:     [200,700,900,1000,1100,1300,2000]
  KINESTHETIC_SENSE: [200,700,900,1000,1100,1300,2000]
  MUSICALITY:        [200,700,900,1000,1100,1300,2000]
  CREATIVITY:        [200,700,900,1000,1100,1300,2000]
  SOCIAL_AWARENESS:  [200,700,900,1000,1100,1300,2000]
  EMPATHY:           [200,700,900,1000,1100,1300,2000]
  PATIENCE:          [200,700,900,1000,1100,1300,2000]

[CASTE:FEMALE]
BODY_MODS:
  BASE_SIZE_CM3: 70000
  HEIGHT_%: [75,125]
  BROADNESS_%: [75,125]

PHYS_ATT_RANGE:
  STRENGTH:        [200,700,900,1000,1100,1300,2000]
  AGILITY:         [200,700,900,1000,1100,1300,2000]
  TOUGHNESS:       [200,700,900,1000,1100,1300,2000]
  ENDURANCE:       [200,700,900,1000,1100,1300,2000]
  RECUPERATION:    [200,700,900,1000,1100,1300,2000]
  DISEASE_RESISTANCE:[200,700,900,1000,1100,1300,2000]

MENT_ATT_RANGE:
  ANALYTICAL_ABILITY:[200,700,900,1000,1100,1300,2000]
  FOCUS:             [200,700,900,1000,1100,1300,2000]
  WILLPOWER:         [200,700,900,1000,1100,1300,2000]
  MEMORY:            [200,700,900,1000,1100,1300,2000]
  INTUITION:         [200,700,900,1000,1100,1300,2000]
  LINGUISTIC_ABILITY:[200,700,900,1000,1100,1300,2000]
  SPATIAL_SENSE:     [200,700,900,1000,1100,1300,2000]
  KINESTHETIC_SENSE: [200,700,900,1000,1100,1300,2000]
  MUSICALITY:        [200,700,900,1000,1100,1300,2000]
  CREATIVITY:        [200,700,900,1000,1100,1300,2000]
  SOCIAL_AWARENESS:  [200,700,900,1000,1100,1300,2000]
  EMPATHY:           [200,700,900,1000,1100,1300,2000]
  PATIENCE:          [200,700,900,1000,1100,1300,2000]
